kinematics:
  shoulder:
    x: 0
    y: 0
    z: 0.1625706318210801
    roll: -0
    pitch: 0
    yaw: 1.491017699896402e-07
  upper_arm:
    x: 0.0001596949948355822
    y: 0
    z: 0
    roll: 1.570005241598803
    pitch: 0
    yaw: 1.444653996674608e-06
  forearm:
    x: -0.4253496038244868
    y: 0
    z: 0
    roll: 3.141325238802072
    pitch: 3.140301258837593
    yaw: -3.141591182328271
  wrist_1:
    x: -0.3924837725248988
    y: -0.000579763179970796
    z: 0.1341326396796895
    roll: 0.004322285544687396
    pitch: -0.001424476460240042
    yaw: 9.451731421140076e-06
  wrist_2:
    x: 1.657042459729267e-05
    y: -0.09988162038760626
    z: 3.543346914806324e-05
    roll: 1.57044157216112
    pitch: 0
    yaw: 4.023788807358541e-08
  wrist_3:
    x: 5.379066390898466e-06
    y: 0.09952188321868247
    z: -5.520891531242638e-05
    roll: 1.570241585386639
    pitch: 3.141592653589793
    yaw: 3.141592266746452
  hash: calib_3992041561913322003